# edge cases

consensus2 1000 0.0 0.0 1541033658
consensus2 1000 1.0 0.0 1541033658
consensus2 1000 0.0 1.0 1541033658
consensus2 1000 1.0 1.0 1541033658
consensus2 1000 1.1 1.0 1541033658
consensus2 0 0.5 0.5 1541033658
consensus2 1000 1.0 1.1 1541033658
consensus2 1000 -0.1 1.0 1541033658

# intermedia cases
consensus2 1000 0.1 0.1 1541033658
consensus2 1000 0.1 0.2 1541033658
consensus2 1000 0.1 0.3 1541033658
consensus2 1000 0.1 0.4 1541033658
consensus2 1000 0.1 0.5 1541033658
consensus2 1000 0.1 0.6 1541033658
consensus2 1000 0.1 0.7 1541033658
consensus2 1000 0.1 0.8 1541033658
consensus2 1000 0.1 0.9 1541033658
consensus2 1000 0.2 0.1 1541033658
consensus2 1000 0.2 0.2 1541033658
consensus2 1000 0.2 0.3 1541033658
consensus2 1000 0.2 0.4 1541033658
consensus2 1000 0.2 0.5 1541033658
consensus2 1000 0.2 0.6 1541033658
consensus2 1000 0.2 0.7 1541033658
consensus2 1000 0.2 0.8 1541033658
consensus2 1000 0.2 0.9 1541033658
consensus2 1000 0.3 0.1 1541033658
consensus2 1000 0.3 0.2 1541033658
consensus2 1000 0.3 0.3 1541033658
consensus2 1000 0.3 0.4 1541033658
consensus2 1000 0.3 0.5 1541033658
consensus2 1000 0.3 0.6 1541033658
consensus2 1000 0.3 0.7 1541033658
consensus2 1000 0.3 0.8 1541033658
consensus2 1000 0.3 0.9 1541033658
consensus2 1000 0.4 0.1 1541033658
consensus2 1000 0.4 0.2 1541033658
consensus2 1000 0.4 0.3 1541033658
consensus2 1000 0.4 0.4 1541033658
consensus2 1000 0.4 0.5 1541033658
consensus2 1000 0.4 0.6 1541033658
consensus2 1000 0.4 0.7 1541033658
consensus2 1000 0.4 0.8 1541033658
consensus2 1000 0.4 0.9 1541033658
consensus2 1000 0.5 0.1 1541033658
consensus2 1000 0.5 0.2 1541033658
consensus2 1000 0.5 0.3 1541033658
consensus2 1000 0.5 0.4 1541033658
consensus2 1000 0.5 0.5 1541033658
consensus2 1000 0.5 0.6 1541033658
consensus2 1000 0.5 0.7 1541033658
consensus2 1000 0.5 0.8 1541033658
consensus2 1000 0.5 0.9 1541033658
consensus2 1000 0.6 0.1 1541033658
consensus2 1000 0.6 0.2 1541033658
consensus2 1000 0.6 0.3 1541033658
consensus2 1000 0.6 0.4 1541033658
consensus2 1000 0.6 0.5 1541033658
consensus2 1000 0.6 0.6 1541033658
consensus2 1000 0.6 0.7 1541033658
consensus2 1000 0.6 0.8 1541033658
consensus2 1000 0.6 0.9 1541033658
consensus2 1000 0.7 0.1 1541033658
consensus2 1000 0.7 0.2 1541033658
consensus2 1000 0.7 0.3 1541033658
consensus2 1000 0.7 0.4 1541033658
consensus2 1000 0.7 0.5 1541033658
consensus2 1000 0.7 0.6 1541033658
consensus2 1000 0.7 0.7 1541033658
consensus2 1000 0.7 0.8 1541033658
consensus2 1000 0.7 0.9 1541033658
consensus2 1000 0.8 0.1 1541033658
consensus2 1000 0.8 0.2 1541033658
consensus2 1000 0.8 0.3 1541033658
consensus2 1000 0.8 0.4 1541033658
consensus2 1000 0.8 0.5 1541033658
consensus2 1000 0.8 0.6 1541033658
consensus2 1000 0.8 0.7 1541033658
consensus2 1000 0.8 0.8 1541033658
consensus2 1000 0.8 0.9 1541033658
consensus2 1000 0.9 0.1 1541033658
consensus2 1000 0.9 0.2 1541033658
consensus2 1000 0.9 0.3 1541033658
consensus2 1000 0.9 0.4 1541033658
consensus2 1000 0.9 0.5 1541033658
consensus2 1000 0.9 0.6 1541033658
consensus2 1000 0.9 0.7 1541033658
consensus2 1000 0.9 0.8 1541033658
consensus2 1000 0.9 0.9 1541033658

# large input
consensus2 99999 0.5 0.5 1541033658
consensus2 99999 0.5 0.3 1541033658
consensus2 99999 0.5 0.7 1541033658
consensus2 99999 0.3 0.5 1541033658
consensus2 99999 0.7 0.5 1541033658
